18	343.375
19	213.27272
20	165.0
21	350.875
22	206.42857
23	246.3
24	233.8
25	197.45454
26	242.05882
27	228.125
28	209.1
29	215.91667
30	235.81818
31	267.25
32	207.90909
33	325.33334
34	245.5
35	211.625
36	246.6
37	249.33333
38	193.53334
39	169.28572
40	250.82353
41	268.55554
42	303.5
43	230.57143
44	282.16666
45	309.53845
46	223.6923
47	233.22223
48	281.4
49	184.66667
50	254.6
51	302.14285
52	340.63635
53	222.85715
54	278.07693
55	295.53845
56	306.66666
57	258.83334
58	116.545456
59	220.0
60	202.71428
61	256.22223
62	220.76923
63	384.0
64	281.33334
65	298.2
66	276.44446
67	214.625
68	269.6
69	235.2
